- These molecules were removed because OpenBabel could not generate sdf representations (too large, disconnected structures mainly):

5031
16650
45737
47151
74830
74831
81722
97431
97432
108044
125066
125176
129841
137054
149501
150861
150862
165152
170365
192747
202916
227262
237671
237674
245501
276381
276382
277096
285116
289432
289435
289437
289438
289441
294979
304425
304426
308875
308876
329515
333856
337383
337714
339281
344028
350895
351907
353255
353262
367921
373961
373962
373963
373964
378338
379667
382177
404853
407811
604841
605851
606307
606960
607637
607771
607772
610690
612825
615271
615272
615273
619229
628081
628083
633248
633251
634598
634600
638382
639600
646251
649864
653140
666457
668432
668433
668572
670002
672460
672462
672464
672465
673905
676773
676774
676776
676777
676779
682797
684747
684901
684902
684907
684908
686303
686304
686305

Additionally, some molecules had missing nodelabels due to unknown reasons:
mol_id   node_nr
84276    0
139615   3
270088   6
379436   5
621598   1
621599   1
634831   0
634835   0

