388
534
573
1737
2255
2263
2314
2431
2790
2938
3201
3234
3253
3311
3312
3346
3366
3432
3433
3539
3573
3577
3579
3672
3856
3889
3924
3948
3952
4056
4325
4402
4403
4480
4494
4660
4762
4829
4830
4831
4833
4838
4845
5031
5149
5264
5285
5300
5301
5308
5334
5439
5649
5765
5777
5783
5790
5792
5793
5800
5801
5802
5813
5819
5830
6153
6177
6305
6525
6534
6540
6951
6952
7188
7292
7405
7482
7487
7822
8129
8131
8190
8509
8556
8598
8612
8613
8614
8615
8616
8617
8618
8619
8922
8955
8962
9063
9163
9164
9276
9590
9683
9889
9902
10109
10213
10214
10468
11045
11046
11047
11093
11094
11095
11097
11098
11099
11100
11101
11102
11103
11522
11927
11928
12582
12843
12845
12949
12950
13194
13195
13196
13197
13198
13210
13212
13250
13251
13502
13503
13504
13513
13593
13795
13796
13859
13928
13957
13958
13959
13992
14175
14346
14486
14504
14886
14896
14901
14908
15038
15116
15208
15382
15383
15384
15497
15625
16005
16090
16230
16348
16349
16350
16351
16492
16495
16496
16649
16650
16651
16790
16793
16794
16796
16803
17248
17369
17394
17395
17765
17953
17961
17962
17963
17964
17966
17967
17968
17969
17970
17971
17972
17973
17974
17975
17976
17977
17978
17980
17981
17982
17985
17986
17987
17989
17990
17991
17992
17993
17994
17995
17996
17997
17998
17999
18000
18001
18002
18003
18005
18006
18007
18008
18009
18010
18012
18013
18014
18015
18019
18020
18021
18022
18023
18024
18025
18026
18028
18029
18030
18031
18032
18033
18035
18038
18039
18041
18042
18047
18048
18049
18050
18051
18052
18190
18191
18268
18406
18408
18409
18411
18412
18413
18444
18584
18587
18672
18673
18674
18676
18681
18682
18683
18684
18685
18686
18687
18688
18689
18690
18691
19050
19051
19052
19225
19226
19227
19228
19229
19230
19231
19232
19233
19234
19235
19236
19237
19238
19239
19240
19241
19242
19243
19244
19245
19246
19295
19300
19301
19302
19303
19304
19305
19306
19307
19308
19309
19310
19312
19313
19314
19315
19316
19317
19320
19321
19322
19323
19324
19327
19329
19332
19333
19335
19336
19337
19338
19339
19340
19341
19342
19343
19344
19345
19346
19347
19349
19350
19351
19352
19353
19354
19355
19356
19358
19360
19361
19362
19363
19364
19365
19366
19367
19368
19370
19371
19372
19373
19374
19376
19377
19378
19379
19380
19381
19382
19383
19384
19385
19386
19387
19388
19389
19390
19391
19392
19393
19394
19395
19397
19398
19399
19400
19401
19402
19403
19404
19405
19406
19407
19408
19409
19410
19411
19412
19413
19414
19415
19416
19418
19419
19420
19422
19423
19425
19440
19482
19720
19804
19816
19943
19944
19945
19989
20107
20111
20113
20114
20276
20294
20295
20296
20297
20298
20299
20300
20301
20302
20303
20306
20308
20310
20312
20315
20316
20318
20319
20320
20323
20325
20326
20327
20330
20331
20332
20333
20334
20335
20337
20338
20339
20340
20341
20342
20343
20344
20345
20346
20347
20348
20349
20350
20351
20352
20353
20354
20355
20357
20358
20359
20360
20361
20362
20363
20364
20365
20367
20369
20371
20372
20373
20375
20378
20379
20381
20382
20383
20384
20385
20386
20387
20389
20390
20392
20393
20394
20395
20396
20397
20398
20399
20400
20402
20403
20416
20418
20419
20420
20421
20422
20423
20424
20425
20426
20427
20429
20430
20431
20433
20434
20435
20436
20438
20439
20440
20441
20442
20444
20445
20447
20448
20450
20452
20454
20455
20456
20458
20459
20461
20462
20463
20464
20465
20466
20467
20468
20469
20470
20471
20472
20473
20475
20476
20477
20480
20481
20482
20483
20484
20485
20486
20487
20488
20489
20490
20491
20492
20493
20494
20495
20496
20497
20499
20500
20502
20504
20505
20506
20507
20508
20510
20512
20918
20919
20920
21466
21722
21911
21912
22022
22045
22434
22436
22437
22465
22932
22936
22937
22938
23117
23278
23452
23782
23864
23882
23901
23918
23973
23975
24505
24715
26134
26141
26255
28577
30557
32146
32240
32495
32496
32497
32498
32499
32500
32501
32704
32889
32915
32934
33395
34206
35037
35044
35328
35608
35853
36211
36214
36357
36436
36438
36567
36650
37655
37665
37666
40648
41815
43488
43499
44007
44185
45519
45737
45832
46401
46639
47151
47454
47882
48204
48556
50183
50933
50984
51727
51954
52091
53398
53867
53937
54281
54805
54900
55202
55307
55308
55774
57037
57195
58221
58240
58266
58268
58856
59189
59191
59194
59253
59254
59255
59259
59262
59314
59639
59906
60093
61586
61679
62690
63323
63445
64760
64772
65080
65419
65729
66282
66317
66725
66797
67379
68727
69529
69856
70089
70126
70525
71418
71817
71822
71832
71834
71901
71935
71936
72141
72267
72481
72770
72774
72845
72846
72847
72849
73404
73405
73406
73408
74365
74448
74516
74830
74831
75180
75511
75603
75960
76024
76455
76656
76777
76778
76779
76780
77471
77472
77613
77950
77987
78453
78694
78707
80196
81722
82045
82261
83216
83340
84042
84152
84153
84154
84276
85763
86041
86902
86903
86904
87433
87501
88136
88137
88206
88374
88946
89133
89137
89145
89951
89953
89955
89957
89960
89970
89972
91583
91584
91768
91805
92766
92802
92859
93755
93757
93765
93930
94217
94219
94252
94255
94745
94746
94747
95939
96352
96412
97203
97292
97402
97408
97431
97432
97552
97900
98055
98056
98549
98960
98961
98963
98972
98973
98974
98975
98977
98978
98984
98985
98989
99282
99285
99292
99293
99295
99296
99623
99624
99691
99921
100045
100287
100288
100289
100844
101180
101187
101212
101213
101214
101215
101613
101838
102786
102788
102808
103093
103267
103724
103729
103731
105023
105024
105607
105760
106448
106557
106636
106693
106975
107041
107079
107190
107234
107455
107655
107660
108044
108046
108047
108133
108134
108192
108446
108832
108833
108834
109229
109440
109888
109903
110325
110327
110435
112502
112899
112903
113001
113007
113233
113283
113477
113510
114349
114573
114574
114789
114790
115184
115539
115674
115838
115853
116071
116309
116661
116672
116674
116676
117032
117033
117300
117881
118093
118122
118123
118126
118177
118179
118340
118484
118490
119155
119156
119157
119158
119337
119752
119908
120067
120068
120073
120074
120076
120077
120078
120079
120084
120088
120089
120092
120093
120096
120097
120098
120099
120100
120102
120103
120105
120113
120114
120115
120118
120119
120122
120125
120126
120127
120130
120136
120138
120139
120141
120441
120572
121237
121258
121345
121417
121870
121887
122106
122247
122483
122493
122716
123421
123430
123447
123448
123541
123844
123978
123979
124668
124761
124762
124842
125066
125176
125889
126207
126386
126674
126730
127235
127236
127440
127443
127497
127499
127566
127568
127748
127925
127936
128117
128118
128378
129524
129525
129526
129748
129787
129841
130122
130577
131677
132346
132557
133294
133770
134054
134055
134216
134358
135024
135052
135849
136495
136923
137054
137433
137440
137441
139532
139615
139822
139823
139933
139941
140894
141148
141705
142003
142205
142206
142280
142282
142492
143091
143504
143769
144184
145955
146208
147339
148054
148356
149058
149501
149503
149788
149789
149828
150861
150862
153112
154808
154809
154810
155190
155403
155627
157097
157365
157462
157535
157581
157942
158167
158214
158386
158387
159075
159077
159080
159081
159082
159160
159162
159353
160188
160398
160475
160478
162406
162675
162755
163142
163330
163397
163804
164925
165011
165152
165328
165683
166337
166413
166868
167390
167405
167479
167985
168411
168801
169086
169511
169816
169817
169928
170105
170133
170182
170188
170206
170218
170225
170239
170365
170571
170665
170674
170902
170903
170904
170908
170917
170922
170923
170924
170933
173330
173766
173775
173786
174137
174160
174298
174333
174343
174460
174461
174462
174463
174464
174465
174466
174467
174468
174470
174471
174472
174473
174474
174476
174477
174478
174479
174480
174481
174589
174798
174951
175403
175404
175405
175449
175699
176188
176189
176198
176200
176206
176216
176219
176221
176222
176228
176229
176233
176242
176247
176248
176250
176251
176252
176254
176258
176260
176261
176265
176268
176272
176273
176899
177382
177396
177692
177776
177781
177791
177792
177793
177803
177811
177818
177828
177898
178266
179447
179449
180512
180817
180849
180850
181397
183500
183501
183503
183737
184725
185306
187658
187749
189683
189792
190377
190378
190658
190661
191846
191959
192747
193375
193399
193550
194254
194434
194435
196331
196334
196339
196595
197189
197196
199107
199108
200111
200112
200113
202578
202909
202916
202918
202951
202952
203011
203078
203355
203359
203417
203764
203765
203767
203816
205015
208642
208645
208954
209844
210599
210754
210944
211471
212538
212574
212806
214079
215140
215144
215146
215150
215151
216097
217200
217335
217924
217926
217927
217928
217929
217931
217972
217973
217974
217975
217976
217977
217991
218347
219877
220213
220311
220971
221583
223106
224861
225020
225297
225325
226094
226583
226591
226801
226824
226843
226914
226924
226932
226936
227184
227185
227187
227262
227316
231753
231770
232654
233865
233866
233928
233941
233984
235763
235810
236237
236659
237020
237097
237671
237673
237674
237844
238138
238923
239634
239639
239640
239642
239714
239997
240036
240564
240578
243047
243051
244386
244396
244438
244697
244770
244800
245202
245307
245345
245389
245390
245391
245398
245501
245519
246149
246150
246151
246432
246434
246436
246437
246438
246439
246440
246441
246444
246446
246447
246448
246449
247033
247514
248536
248537
248539
248540
248600
248626
248630
248631
248646
248647
249292
249935
249936
249939
249943
249946
249949
250431
250432
250832
251081
251243
251244
252626
252757
253554
253585
253996
254000
254027
254166
254289
254917
255081
255082
255083
255285
255287
255326
255519
255520
255521
255984
256397
256948
256949
256962
257451
259689
259910
260400
260530
260531
260533
260535
260536
260538
260540
260542
260543
260545
260546
260550
261062
261110
261112
261114
261116
261120
261122
261123
261125
261126
261127
261129
261362
263154
263460
263477
263600
263876
264069
264714
264878
264879
266534
267463
267464
267465
267466
267695
267713
268653
268850
269101
269767
270050
270088
270293
270756
270760
270927
272673
272674
272675
272691
274537
274539
275269
276381
276382
277096
277176
277291
277449
277450
278470
278625
278626
279187
279275
279551
279558
279909
281175
281177
281945
281946
281948
281950
281963
281985
282151
282152
282721
282745
282746
282749
282750
282751
283786
284215
285116
285117
285118
285119
286162
286163
286164
286165
286166
286167
286169
286171
286649
287019
287036
287070
289130
289132
289133
289193
289432
289435
289437
289438
289441
289455
289620
289640
289641
289642
289644
290114
290135
290533
290816
290831
291321
291329
291922
292205
292218
292219
292221
292454
292680
293057
293059
293060
293313
293856
293857
293859
293860
293861
294223
294578
294599
294732
294783
294979
295424
295512
295564
295760
296657
296940
296944
297326
297537
298215
298216
298218
298219
298220
298821
299924
299975
300500
300537
301177
301458
301473
301706
302041
303806
303823
304088
304414
304425
304426
304880
305219
305264
305319
305708
305979
306361
306362
306381
306383
306384
306685
306686
306956
307194
307196
307197
307198
307199
307200
307201
307202
307203
307204
307205
307209
307752
307753
308312
308608
308609
308610
308611
308612
308874
308875
308876
308883
309420
309451
309690
309839
309867
309984
309985
310028
311148
311659
312024
312025
313433
314268
315257
315626
317542
317544
317547
317548
317549
317550
317551
317552
317553
317555
317557
317558
317559
317560
317564
317565
317566
317567
317568
317569
317570
317571
317572
317573
317574
317575
317576
317577
317578
317579
317580
317581
317582
317583
317584
317585
317586
317587
317588
317589
317590
317591
317592
317593
317594
317595
318507
319698
320303
320630
322756
322757
322769
322884
322923
322924
322925
324570
324608
325284
325286
325299
325659
325660
325661
326200
326242
326388
327429
327459
327460
327463
327464
327466
327468
327469
327730
327987
327988
328000
328001
328201
328411
328412
328413
328414
328626
328627
329071
329077
329515
329703
329713
330517
330519
330691
332602
333157
333541
333542
333543
333856
335147
337383
337714
337859
338057
338254
338255
338256
338440
338442
338443
338444
339191
339281
339684
339685
339901
342925
343249
343382
343391
344028
344286
345805
346195
346404
346408
346581
349621
350621
350895
351086
351087
351088
351089
351090
351091
351277
351907
352388
352392
352752
352880
353251
353252
353254
353255
353262
353501
353505
353507
353849
354227
354476
354477
354500
354650
354847
354848
354849
355046
355063
355065
355460
355638
356208
356222
356230
356232
356233
356235
356236
356237
356450
356886
356895
356899
357089
357294
357295
357296
357480
357487
357826
358900
358901
358904
358905
358906
358909
358912
358913
358916
359428
359840
360228
360665
360855
361125
361635
361811
362087
362253
362774
362776
363603
363620
363982
365811
366273
366882
367086
367113
367114
367841
367851
367852
367921
369147
369216
369506
369851
370886
371643
371827
371836
371907
371908
372162
372473
372474
372476
373356
373720
373782
373783
373961
373962
373963
373964
374025
374112
374120
374655
374656
374987
374988
375872
375990
375991
375992
375993
376674
376682
376757
376768
377092
377093
377094
377719
377879
377880
378141
378142
378143
378241
378338
378339
378341
378346
378351
378842
378895
378896
379418
379424
379434
379436
379439
379509
379667
379887
380208
380209
380210
380469
380545
381079
381080
381082
381657
382017
382022
382023
382177
382337
382396
382397
382398
382966
382971
382972
400078
400404
400601
400701
400869
401035
401593
401613
401614
401616
401618
402648
402649
402651
402747
402797
403170
403171
403342
403343
403515
403554
403555
403559
403609
403838
403846
403853
403860
403902
404042
404207
404212
404220
404259
404421
404430
404432
404776
404853
405587
405617
405619
405620
405646
405790
405856
405911
406124
406170
406246
406247
406498
407052
407056
407057
407059
407137
407209
407211
407212
407221
407518
407572
407677
407678
407811
407919
407972
408052
408065
408107
408119
408484
408771
408916
409822
501185
524955
525661
600306
600391
600392
600666
600876
601320
601343
601344
601623
602579
603539
603973
604570
604571
604572
604841
604975
605331
605851
606307
606703
606960
607637
607638
607769
607771
607772
608348
608454
608455
608604
608841
608970
608971
608972
608973
608974
608975
608976
608978
608979
608984
610690
611240
611617
611745
612237
612242
612825
613052
613244
613292
613388
613389
613465
613784
614339
614346
614487
614565
614853
614925
614932
614933
614934
614935
615024
615025
615026
615027
615028
615036
615037
615049
615130
615271
615272
615273
615354
615516
615517
615542
616085
617836
617837
617838
617839
617840
617841
618089
618091
618092
618771
618778
619030
619031
619058
619229
619832
620016
620255
620855
621337
621598
621599
621808
621812
621970
622102
622105
622110
622111
622112
622116
622117
622118
622119
622120
622121
622124
622125
622158
622176
622178
622179
622423
623274
623275
623276
623277
623278
623279
623281
623282
624009
625220
625635
625768
625770
626285
626288
626559
626562
626565
626810
626812
626813
626814
626815
626818
626819
626820
627461
627462
628081
628083
628604
629465
629644
629929
630320
630733
631472
631479
631737
631738
631739
631740
631741
632616
632744
632805
632813
632986
633171
633172
633243
633248
633251
633336
633337
633340
633342
633343
633344
633346
633348
633349
633350
633479
633607
633608
633609
633611
633612
633613
633614
633615
633616
633617
633618
633619
633620
633621
633622
633623
633624
633627
633628
633631
633632
633634
633635
633654
633655
633720
633804
633986
633987
633989
633992
633994
633995
633996
633997
633998
633999
634000
634001
634002
634007
634013
634014
634015
634051
634054
634056
634057
634060
634061
634062
634063
634064
634065
634070
634169
634170
634362
634598
634600
634827
634831
634835
634839
634842
634843
634844
634845
634846
634847
634848
634851
634852
634853
634855
634856
634857
634858
634860
634870
634875
634876
634879
634880
634882
634883
634884
634885
634888
634890
635006
635007
635008
635010
635011
635014
635016
635020
635024
635046
635048
635058
635059
635061
635067
635069
635070
635071
635072
635074
635090
635091
635092
635093
635094
635095
635096
635097
635099
635101
635102
635103
635104
635105
635106
635108
635109
635683
635900
636009
636597
636882
636883
638382
638385
638389
638719
639600
639602
639635
639636
639942
640157
640158
641071
641108
641473
641474
642392
642393
642394
642395
642397
642399
642404
642405
642406
642407
642408
642409
642410
642411
642412
642413
642414
642415
642416
642417
642418
642419
642420
642504
643005
643412
644023
644024
644027
644458
644556
644721
645019
645205
645456
645457
645458
645459
645758
646113
646141
646142
646251
646286
646287
646295
646603
646604
646605
646606
646607
646608
646609
646610
646701
647038
647040
647041
647050
647051
648367
648393
648394
648395
649304
649305
649306
649307
649308
649309
649310
649861
649862
649863
649864
651013
652594
652903
653140
653616
653865
654498
654602
654603
655907
655908
656332
656333
656334
657491
657493
657494
657495
657496
657497
657558
657641
658418
660235
660236
662296
662766
663404
663406
664990
665353
665725
666057
666159
666160
666457
667439
667443
668216
668432
668433
668572
669271
669272
669296
669974
669975
670002
670073
670074
670075
670076
670077
670078
670079
670080
670081
670082
670083
670194
671932
671933
671934
671935
671936
671937
671938
671939
671940
671941
671942
671943
671944
672170
672460
672462
672464
672465
673817
673818
673819
673820
673821
673822
673823
673824
673825
673905
674313
674314
674315
675003
676000
676528
676773
676774
676776
676777
676779
680925
681312
682067
682373
682794
682797
682798
683201
683343
683428
684747
684901
684902
684907
684908
686303
686304
686305
686387
687453
688221
688523
688524
694252
694501
901037
901038
901039
901040
901041
901042
901043
901044
901045
901046
901047
901048
901049
901050
901051
901052
901053
901054
901055
901056
901057
901058
901059
901060
901061
901062
901063
901064
901065
